1.140000000000000000e+02
1.000000000000000000e+02
1.090000000000000000e+02
1.040000000000000000e+02
1.780000000000000000e+02
1.240000000000000000e+02
1.180000000000000000e+02
1.590000000000000000e+02
1.490000000000000000e+02
1.580000000000000000e+02
1.210000000000000000e+02
2.180000000000000000e+02
1.380000000000000000e+02
7.700000000000000000e+01
1.510000000000000000e+02
1.270000000000000000e+02
1.200000000000000000e+02
1.780000000000000000e+02
1.390000000000000000e+02
7.500000000000000000e+01
9.900000000000000000e+01
1.480000000000000000e+02
9.100000000000000000e+01
1.370000000000000000e+02
1.300000000000000000e+02
8.500000000000000000e+01
2.060000000000000000e+02
9.300000000000000000e+01
1.140000000000000000e+02
1.480000000000000000e+02
